50 -1.39432e+08
60 -1.45455e+08
70 -1.48283e+08
80 -1.49758e+08
90 -1.49727e+08
100 -1.50042e+08
110 -1.49077e+08
120 -1.47932e+08
130 -1.43733e+08
140 -1.42519e+08
150 -1.41307e+08
160 -1.40747e+08
170 -1.39526e+08
180 -1.3817e+08
190 -1.36338e+08
200 -1.3587e+08
210 -1.37256e+08
220 -1.33779e+08
230 -1.3583e+08
240 -1.34709e+08
250 -1.3381e+08
260 -1.32756e+08
270 -1.34535e+08
280 -1.33711e+08
290 -1.32924e+08
300 -1.32162e+08
310 -1.33066e+08
320 -1.20257e+08
330 -1.19632e+08
340 -1.18858e+08
350 -1.14196e+08
360 -1.15446e+08
370 -1.02561e+08
380 -1.01421e+08
390 -9.76942e+07
400 -9.73045e+07
410 -9.9434e+07
420 -9.90039e+07
430 -1.00641e+08
440 -9.05428e+07
450 -9.00695e+07
460 -8.97717e+07
470 -8.93236e+07
480 -8.90461e+07
490 -9.14045e+07
500 -9.05516e+07
510 -9.02928e+07
520 -8.83019e+07
530 -8.80539e+07
540 -8.78128e+07
550 -7.93655e+07
560 -7.91712e+07
570 -7.89827e+07
580 -7.87242e+07
590 -7.8627e+07
600 -7.90522e+07
610 -7.88851e+07
620 -7.74022e+07
630 -7.72506e+07
640 -7.72271e+07
650 -7.70824e+07
660 -7.87912e+07
670 -7.7367e+07
680 -7.44704e+07
690 -7.43411e+07
700 -7.42142e+07
710 -7.41699e+07
720 -7.40463e+07
730 -7.39255e+07
740 -7.37977e+07
750 -6.53701e+07
760 -6.52773e+07
770 -6.46996e+07
780 -6.51849e+07
790 -6.50976e+07
800 -6.50124e+07
810 -6.56751e+07
820 -6.55825e+07
830 -6.54957e+07
840 -6.54072e+07
850 -6.53444e+07
860 -6.52786e+07
870 -6.51937e+07
880 -6.51104e+07
890 -6.49979e+07
900 -6.49177e+07
910 -6.4838e+07
920 -6.4759e+07
930 -6.46803e+07
940 -6.4602e+07
950 -6.4524e+07
960 -6.44461e+07
970 -6.43683e+07
980 -6.42905e+07
990 -6.24314e+07
1000 -6.23554e+07
1010 -6.22791e+07
1020 -6.38734e+07
1030 -6.37916e+07
1040 -6.37093e+07
1050 -6.36263e+07
1060 -6.35425e+07
1070 -6.34578e+07
1080 -6.33722e+07
1090 -6.32856e+07
1100 -6.31979e+07
1110 -6.31089e+07
1120 -6.30427e+07
1130 -6.29513e+07
1140 -6.28626e+07
1150 -6.27558e+07
1160 -6.26388e+07
1170 -6.25414e+07
1180 -6.24415e+07
1190 -6.23414e+07
1200 -6.15205e+07
1210 -6.14086e+07
1220 -6.12956e+07
1230 -6.06024e+07
1240 -6.07779e+07
1250 -6.06497e+07
1260 -6.82356e+07
1270 -6.80543e+07
1280 -6.78981e+07
1290 -6.77381e+07
1300 -6.73242e+07
1310 -6.71553e+07
1320 -6.6983e+07
1330 -6.92153e+07
1340 -7.01099e+07
1350 -6.78988e+07
1360 -6.76918e+07
1370 -6.74441e+07
1380 -6.723e+07
1390 -6.82729e+07
1400 -6.80452e+07
1410 -6.72508e+07
1420 -6.68238e+07
1430 -6.67588e+07
1440 -6.65058e+07
1450 -6.6245e+07
1460 -7.25767e+07
1470 -7.22752e+07
1480 -7.19651e+07
1490 -7.29606e+07
1500 -7.26103e+07
1510 -7.27097e+07
1520 -7.06288e+07
1530 -7.02718e+07
1540 -7.00338e+07
1550 -6.9653e+07
1560 -6.93921e+07
1570 -7.55662e+07
1580 -7.29721e+07
1590 -7.2524e+07
1600 -7.03203e+07
1610 -6.9814e+07
1620 -7.26772e+07
1630 -7.3186e+07
1640 -8.03926e+07
1650 -7.86924e+07
1660 -8.05925e+07
1670 -8.00162e+07
1680 -7.9279e+07
1690 -8.52875e+07
1700 -8.47029e+07
1710 -8.38237e+07
1720 -8.29012e+07
1730 -8.19464e+07
1740 -7.94654e+07
1750 -7.85559e+07
