50 6329.12
55 6564.3
60 6724.21
65 6825.61
70 6881.34
75 6901.34
80 6893.32
85 6863.29
90 6815.98
95 6755.12
100 6683.67
105 6604.02
110 6518.12
115 6427.52
120 6333.53
125 6237.19
130 6139.39
135 6040.84
140 5942.11
145 5843.69
150 5745.97
155 5649.24
160 5553.76
165 5459.73
170 5367.3
175 5276.58
180 5187.67
185 5100.61
190 5015.46
195 4932.23
200 4850.94
205 4771.59
210 4694.16
215 4618.64
220 4544.99
225 4473.2
230 4403.22
235 4335.03
240 4268.58
245 4203.83
250 4140.74
255 4079.28
260 4019.39
265 3961.04
270 3904.18
275 3848.77
280 3794.77
285 3742.15
290 3690.85
295 3640.84
300 3592.09
305 3544.55
310 3498.2
315 3452.98
320 3408.88
325 3365.86
330 3323.88
335 3282.92
340 3242.93
345 3203.91
350 3165.81
355 3128.61
360 3092.28
365 3056.8
370 3022.14
375 2988.28
380 2955.19
385 2922.86
390 2891.26
395 2860.36
400 2830.16
405 2800.63
410 2771.75
415 2743.51
420 2715.88
425 2688.85
430 2662.41
435 2636.53
440 2611.2
445 2586.41
450 2562.15
455 2538.39
460 2515.13
465 2492.35
470 2470.05
475 2448.2
480 2426.8
485 2405.83
490 2385.29
495 2365.17
500 2345.44
505 2326.12
510 2307.17
515 2288.61
520 2270.4
525 2252.56
530 2235.07
535 2217.91
540 2201.09
545 2184.6
550 2168.42
555 2152.56
560 2137
565 2121.73
570 2106.76
575 2092.07
580 2077.66
585 2063.53
590 2049.65
595 2036.04
600 2022.69
605 2009.59
610 1996.73
615 1984.11
620 1971.73
625 1959.57
630 1947.65
635 1935.94
640 1924.45
645 1913.18
650 1902.11
655 1891.25
660 1880.59
665 1870.13
670 1859.86
675 1849.78
680 1839.89
685 1830.18
690 1820.66
695 1811.31
700 1802.13
705 1793.13
710 1784.29
715 1775.62
720 1767.11
725 1758.76
730 1750.57
735 1742.54
740 1734.65
745 1726.92
750 1719.34
755 1711.9
760 1704.6
765 1697.44
770 1690.43
775 1683.55
780 1676.81
785 1670.2
790 1663.72
795 1657.37
800 1651.14
805 1645.05
810 1639.08
815 1633.23
820 1627.5
825 1621.89
830 1616.4
835 1611.02
840 1605.77
845 1600.62
850 1595.59
855 1590.67
860 1585.86
865 1581.15
870 1576.56
875 1572.07
880 1567.68
885 1563.4
890 1559.23
895 1555.15
900 1551.18
905 1547.3
910 1543.53
915 1539.85
920 1536.27
925 1532.79
930 1529.4
935 1526.11
940 1522.91
945 1519.8
950 1516.79
955 1513.87
960 1511.03
965 1508.29
970 1505.64
975 1503.08
980 1500.61
985 1498.22
990 1495.92
995 1493.71
1000 1491.59
1005 1489.55
1010 1487.59
1015 1485.72
1020 1483.94
1025 1482.24
1030 1480.62
1035 1479.09
1040 1477.64
1045 1476.27
1050 1474.98
1055 1473.78
1060 1472.66
1065 1471.62
1070 1470.66
1075 1469.78
1080 1468.99
1085 1468.27
1090 1467.64
1095 1467.08
1100 1466.61
1105 1466.21
1110 1465.9
1115 1465.66
1120 1465.51
1125 1465.43
1130 1465.44
1135 1465.52
1140 1465.69
1145 1465.93
1150 1466.26
1155 1466.66
1160 1467.15
1165 1467.71
1170 1468.36
1175 1469.09
1180 1469.89
1185 1470.78
1190 1471.75
1195 1472.8
1200 1473.93
1205 1475.14
1210 1476.44
1215 1477.81
1220 1479.27
1225 1480.82
1230 1482.44
1235 1484.15
1240 1485.94
1245 1487.82
1250 1489.78
1255 1491.83
1260 1493.96
1265 1496.18
1270 1498.48
1275 1500.87
1280 1503.35
1285 1505.92
1290 1508.58
1295 1511.32
1300 1514.16
1305 1517.08
1310 1520.1
1315 1523.21
1320 1526.41
1325 1529.71
1330 1533.09
1335 1536.58
1340 1540.16
1345 1543.83
1350 1547.61
1355 1551.48
1360 1555.45
1365 1559.52
1370 1563.7
1375 1567.97
1380 1572.35
1385 1576.83
1390 1581.42
1395 1586.12
1400 1590.92
1405 1595.83
1410 1600.85
1415 1605.99
1420 1611.23
1425 1616.59
1430 1622.07
1435 1627.66
1440 1633.37
1445 1639.2
1450 1645.15
1455 1651.23
1460 1657.43
1465 1663.76
1470 1670.21
1475 1676.79
1480 1683.51
1485 1690.36
1490 1697.34
1495 1704.47
1500 1711.73
