50 10540.4
60 10233.8
70 10056.7
80 9935.53
90 9843.03
100 9837.5
110 9789.67
120 10980.4
130 9726.69
140 9738.56
150 9753.81
160 9773.98
170 9810.02
180 9859.4
190 9880.94
200 10035.7
210 9982.41
220 9982.54
230 10101.7
240 10174.8
250 10282.9
260 10819.8
270 10736.8
280 10509.6
290 10328.3
300 10346.7
310 10389.6
320 10443.8
330 10617.3
340 10514.6
350 10599.1
360 11095.8
370 11113.7
380 11582.8
390 10698.3
400 10723.5
410 11275.7
420 10816.8
430 11429.8
440 10888.2
450 12227.9
460 11912.3
470 10943.9
480 10980.6
490 11016.1
500 11040.1
510 11074
520 11118.7
530 15276.3
540 11198.5
550 11225.7
560 11230.1
570 11256.9
580 11285.4
590 11314.2
600 11343.2
610 11372.9
620 11405
630 11450.6
640 12214.5
650 17610.4
660 11585
670 11559.4
680 11584.5
690 11640.1
700 12113.6
710 11926.2
720 11685.3
730 11688.4
740 11709.4
750 11744.2
760 11812.2
770 938564
780 11838.3
790 12400
800 12006
810 12602.4
820 11876.3
830 11903.5
840 12176.9
850 13112.8
860 11968.7
870 12043.7
880 12014.8
890 12154.2
900 12075.7
910 12049.9
920 12069.4
930 12208
940 12104.4
950 12159.1
960 12142.5
970 12256.3
980 12181.9
990 12204.7
1000 12233.8
