150 8785.28
165 8895.21
180 9003.08
195 9069.43
210 9201.26
225 9317.36
240 9369.43
255 9468.12
270 9553.61
285 9642.98
300 9701.25
315 9804.46
330 9903.97
345 9987.83
360 10065.2
375 10091
390 10153.7
405 10205.1
420 10272.4
435 10339.2
450 10403.4
465 10478.6
480 10546.4
495 10603.7
510 10657.3
525 10719.5
540 10778.5
555 10843.9
570 10908.3
585 10955
600 11015.4
615 11073.3
630 11102.3
645 11168
660 11227.1
675 11227.5
690 11275.6
705 11323.9
720 11394.8
735 11412.1
750 11486.3
765 11524.9
780 11558.1
795 11602.6
810 11633.8
825 11689.5
840 11729.1
855 11781.8
870 11817.6
885 11859.2
900 11892.3
915 11930.3
930 11952
945 11980.3
960 12034.2
975 12070.3
990 12092.2
