50 818509
60 794578
70 803157
80 798431
90 763262
100 737287
110 712753
120 691482
130 652616
140 686645
150 704552
160 678610
170 -922256
180 633009
190 -1.0651e+07
200 613590
210 595752
220 555390
230 577473
240 577620
250 572102
260 577428
270 567435
280 599516
290 574892
300 598486
310 579847
320 584886
330 590380
340 623085
350 1.31101e+06
360 821830
370 589284
380 571430
390 560056
400 481942
410 481996
420 441447
430 448401
440 450747
450 441574
460 443911
470 444424
480 439870
490 442212
500 445294
510 1.37072e+07
520 448556
530 467292
540 446932
550 462077
560 451398
570 447809
580 439084
590 434193
600 477023
610 458389
620 465926
630 448735
640 447198
650 434107
660 431770
670 444123
680 438159
690 449866
700 450549
710 444870
720 449677
730 449066
740 456200
750 409723
760 777618
770 449432
780 574743
790 1.20997e+06
800 449056
810 441543
820 433386
830 433768
840 442676
850 460732
860 456931
870 455036
880 -140592
890 466658
900 459698
910 440419
920 453254
930 453029
940 452903
950 448134
960 456161
970 457164
980 458310
990 452053
1000 518612
