50 9588.19
55 9841.97
60 9975.54
65 10021.5
70 10003.2
75 9937.44
80 9836.78
85 9710.57
90 9565.88
95 9408.13
100 9241.43
105 9068.97
110 8893.19
115 8715.98
120 8538.8
125 8362.76
130 8188.71
135 8017.29
140 7848.98
145 7684.14
150 7523.02
155 7365.78
160 7212.53
165 7063.32
170 6918.18
175 6777.08
180 6639.99
185 6506.85
190 6377.59
195 6252.13
200 6130.37
205 6012.23
210 5897.6
215 5786.38
220 5678.48
225 5573.78
230 5472.19
235 5373.61
240 5277.93
245 5185.07
250 5094.92
255 5007.4
260 4922.41
265 4839.87
270 4759.7
275 4681.82
280 4606.14
285 4532.59
290 4461.09
295 4391.59
300 4324
305 4258.26
310 4194.32
315 4132.11
320 4071.57
325 4012.64
330 3955.28
335 3899.42
340 3845.03
345 3792.05
350 3740.43
355 3690.14
360 3641.13
365 3593.35
370 3546.77
375 3501.36
380 3457.07
385 3413.86
390 3371.71
395 3330.59
400 3290.46
405 3251.28
410 3213.04
415 3175.71
420 3139.25
425 3103.64
430 3068.86
435 3034.88
440 3001.68
445 2969.23
450 2937.53
455 2906.53
460 2876.23
465 2846.61
470 2817.64
475 2789.31
480 2761.6
485 2734.49
490 2707.97
495 2682.03
500 2656.64
505 2631.79
510 2607.47
515 2583.67
520 2560.37
525 2537.55
530 2515.22
535 2493.34
540 2471.92
545 2450.95
550 2430.4
555 2410.27
560 2390.56
565 2371.24
570 2352.31
575 2333.77
580 2315.6
585 2297.79
590 2280.35
595 2263.24
600 2246.48
605 2230.05
610 2213.95
615 2198.16
620 2182.69
625 2167.52
630 2152.64
635 2138.06
640 2123.77
645 2109.75
650 2096.01
655 2082.53
660 2069.32
665 2056.36
670 2043.66
675 2031.21
680 2018.99
685 2007.02
690 1995.28
695 1983.76
700 1972.47
705 1961.41
710 1950.55
715 1939.91
720 1929.48
725 1919.25
730 1909.23
735 1899.4
740 1889.77
745 1880.32
750 1871.07
755 1862
760 1853.11
765 1844.39
770 1835.86
775 1827.5
780 1819.3
785 1811.28
790 1803.42
795 1795.72
800 1788.18
805 1780.8
810 1773.57
815 1766.5
820 1759.58
825 1752.8
830 1746.17
835 1739.69
840 1733.35
845 1727.15
850 1721.09
855 1715.17
860 1709.38
865 1703.73
870 1698.21
875 1692.81
880 1687.55
885 1682.42
890 1677.41
895 1672.52
900 1667.76
905 1663.13
910 1658.61
915 1654.21
920 1649.93
925 1645.76
930 1641.72
935 1637.78
940 1633.96
945 1630.26
950 1626.66
955 1623.18
960 1619.81
965 1616.54
970 1613.38
975 1610.33
980 1607.39
985 1604.55
990 1601.82
995 1599.19
1000 1596.67
1005 1594.25
1010 1591.93
1015 1589.71
1020 1587.59
1025 1585.58
1030 1583.66
1035 1581.85
1040 1580.13
1045 1578.51
1050 1576.99
1055 1575.57
1060 1574.25
1065 1573.02
1070 1571.89
1075 1570.86
1080 1569.92
1085 1569.08
1090 1568.33
1095 1567.69
1100 1567.13
1105 1566.67
1110 1566.31
1115 1566.05
1120 1565.87
1125 1565.8
1130 1565.81
1135 1565.93
1140 1566.14
1145 1566.44
1150 1566.84
1155 1567.33
1160 1567.92
1165 1568.61
1170 1569.39
1175 1570.27
1180 1571.24
1185 1572.31
1190 1573.48
1195 1574.74
1200 1576.1
1205 1577.56
1210 1579.11
1215 1580.77
1220 1582.52
1225 1584.37
1230 1586.33
1235 1588.38
1240 1590.53
1245 1592.78
1250 1595.14
1255 1597.6
1260 1600.16
1265 1602.82
1270 1605.59
1275 1608.47
1280 1611.45
1285 1614.53
1290 1617.73
1295 1621.03
1300 1624.44
1305 1627.96
1310 1631.59
1315 1635.33
1320 1639.19
1325 1643.16
1330 1647.24
1335 1651.44
1340 1655.76
1345 1660.19
1350 1664.75
1355 1669.42
1360 1674.22
1365 1679.14
1370 1684.18
1375 1689.35
1380 1694.65
1385 1700.08
1390 1705.64
1395 1711.32
1400 1717.15
1405 1723.11
1410 1729.2
1415 1735.43
1420 1741.81
1425 1748.33
1430 1754.99
1435 1761.8
1440 1768.75
1445 1775.86
1450 1783.12
1455 1790.53
1460 1798.1
1465 1805.83
1470 1813.73
1475 1821.78
1480 1830.01
1485 1838.4
1490 1846.97
1495 1855.71
1500 1864.63
