50 8689.1
55 8236.74
60 7827.97
65 7455.58
70 7114.22
75 6799.72
80 6508.75
85 6238.6
90 5987.01
95 5752.06
100 5532.14
105 5325.83
110 5131.9
115 4949.3
120 4777.07
125 4614.38
130 4460.49
135 4314.72
140 4176.48
145 4045.23
150 3920.48
155 3801.78
160 3688.74
165 3580.98
170 3478.17
175 3379.99
180 3286.17
185 3196.44
190 3110.56
195 3028.31
200 2949.48
205 2873.88
210 2801.33
215 2731.67
220 2664.74
225 2600.41
230 2538.52
235 2478.97
240 2421.64
245 2366.4
250 2313.17
255 2261.85
260 2212.34
265 2164.56
270 2118.43
275 2073.87
280 2030.82
285 1989.21
290 1948.97
295 1910.04
300 1872.37
305 1835.9
310 1800.58
315 1766.38
320 1733.23
325 1701.09
330 1669.94
335 1639.72
340 1610.4
345 1581.94
350 1554.32
355 1527.49
360 1501.44
365 1476.13
370 1451.53
375 1427.62
380 1404.37
385 1381.76
390 1359.76
395 1338.36
400 1317.54
405 1297.26
410 1277.52
415 1258.3
420 1239.58
425 1221.34
430 1203.56
435 1186.23
440 1169.35
445 1152.88
450 1136.82
455 1121.16
460 1105.88
465 1090.97
470 1076.43
475 1062.23
480 1048.37
485 1034.83
490 1021.62
495 1008.71
500 996.106
505 983.79
510 971.756
515 959.997
520 948.504
525 937.27
530 926.287
535 915.549
540 905.048
545 894.779
550 884.735
555 874.909
560 865.297
565 855.891
570 846.688
575 837.681
580 828.865
585 820.235
590 811.788
595 803.517
600 795.418
605 787.488
610 779.722
615 772.115
620 764.665
625 757.367
630 750.217
635 743.212
640 736.348
645 729.623
650 723.032
655 716.573
660 710.242
665 704.037
670 697.955
675 691.993
680 686.148
685 680.418
690 674.8
695 669.291
700 663.89
705 658.593
710 653.399
715 648.306
720 643.311
725 638.412
730 633.607
735 628.894
740 624.272
745 619.738
750 615.291
755 610.929
760 606.65
765 602.452
770 598.335
775 594.295
780 590.333
785 586.446
790 582.633
795 578.892
800 575.223
805 571.623
810 568.092
815 564.629
820 561.231
825 557.898
830 554.629
835 551.422
840 548.277
845 545.192
850 542.166
855 539.199
860 536.289
865 533.435
870 530.636
875 527.893
880 525.202
885 522.565
890 519.979
895 517.444
900 514.959
905 512.524
910 510.137
915 507.799
920 505.507
925 503.262
930 501.063
935 498.908
940 496.798
945 494.732
950 492.709
955 490.729
960 488.79
965 486.893
970 485.036
975 483.22
980 481.444
985 479.706
990 478.007
995 476.347
1000 474.724
1005 473.138
1010 471.589
1015 470.076
1020 468.599
1025 467.157
1030 465.751
1035 464.379
1040 463.041
1045 461.737
1050 460.466
1055 459.228
1060 458.023
1065 456.851
1070 455.71
1075 454.601
1080 453.523
1085 452.477
1090 451.461
1095 450.475
1100 449.52
1105 448.595
1110 447.699
1115 446.833
1120 445.995
1125 445.187
1130 444.407
1135 443.655
1140 442.932
1145 442.236
1150 441.568
1155 440.928
1160 440.315
1165 439.728
1170 439.169
1175 438.637
1180 438.131
1185 437.652
1190 437.198
1195 436.771
1200 436.37
1205 435.994
1210 435.644
1215 435.32
1220 435.02
1225 434.747
1230 434.498
1235 434.274
1240 434.075
1245 433.901
1250 433.751
1255 433.626
1260 433.526
1265 433.45
1270 433.398
1275 433.371
1280 433.367
1285 433.388
1290 433.433
1295 433.502
1300 433.595
1305 433.712
1310 433.852
1315 434.017
1320 434.205
1325 434.417
1330 434.653
1335 434.912
1340 435.195
1345 435.502
1350 435.833
1355 436.187
1360 436.565
1365 436.967
1370 437.392
1375 437.841
1380 438.314
1385 438.81
1390 439.33
1395 439.874
1400 440.442
1405 441.034
1410 441.65
1415 442.289
1420 442.953
1425 443.641
1430 444.353
1435 445.089
1440 445.849
1445 446.634
1450 447.443
1455 448.276
1460 449.134
1465 450.017
1470 450.924
1475 451.857
1480 452.814
1485 453.796
1490 454.803
1495 455.836
1500 456.894
